             o  ,    o  ,                                         BS                                   Astronomical Applications Dept.
Location: W059 08, S62 53                          Rise and Set for the Sun for 2023                   U. S. Naval Observatory        
                                                                                                       Washington, DC  20392-5420     
                                                            Universal Time                                                            
                                                                                                                                      
                                                                                                                                      
       Jan.       Feb.       Mar.       Apr.       May        June       July       Aug.       Sept.      Oct.       Nov.       Dec.  
Day Rise  Set  Rise  Set  Rise  Set  Rise  Set  Rise  Set  Rise  Set  Rise  Set  Rise  Set  Rise  Set  Rise  Set  Rise  Set  Rise  Set
     h m  h m   h m  h m   h m  h m   h m  h m   h m  h m   h m  h m   h m  h m   h m  h m   h m  h m   h m  h m   h m  h m   h m  h m
01  0601 0159  0732 0049  0901 2315  1029 2131  1152 1954  1311 1837  1332 1829  1231 1936  1055 2059  0914 2220  0731 2351  0607 0123
02  0603 0158  0735 0046  0904 2312  1031 2127  1155 1951  1313 1835  1331 1830  1228 1939  1052 2102  0911 2223  0728 2354  0605 0125
03  0605 0157  0739 0043  0906 2308  1034 2124  1157 1948  1315 1834  1330 1831  1225 1941  1048 2105  0907 2225  0725 2357  0603 0128
04  0607 0156  0742 0040  0909 2305  1037 2121  1200 1945  1317 1832  1329 1833  1222 1944  1045 2107  0904 2228  0722       0602 0131
05  0609 0154  0745 0037  0912 2302  1040 2117  1203 1943  1319 1831  1328 1834  1219 1947  1042 2110  0901 2231  0719 0001  0600 0134
06  0612 0153  0749 0033  0915 2258  1042 2114  1206 1940  1321 1830  1327 1836  1216 1949  1039 2113  0857 2234  0715 0004  0558 0136
07  0614 0151  0752 0030  0918 2255  1045 2111  1209 1937  1322 1828  1326 1838  1214 1952  1035 2115  0854 2237  0712 0007  0556 0139
08  0617 0149  0755 0027  0921 2252  1048 2107  1211 1934  1324 1827  1324 1840  1211 1955  1032 2118  0851 2239  0709 0010  0555 0141
09  0620 0148  0758 0024  0924 2248  1051 2104  1214 1931  1325 1826  1323 1841  1208 1957  1029 2121  0847 2242  0706 0013  0554 0143
10  0622 0146  0801 0021  0927 2245  1053 2101  1217 1928  1327 1825  1321 1843  1205 2000  1025 2123  0844 2245  0703 0017  0552 0146
11  0625 0144  0805 0018  0930 2242  1056 2058  1219 1925  1328 1824  1319 1845  1202 2003  1022 2126  0840 2248  0700 0020  0551 0148
12  0628 0142  0808 0014  0933 2238  1059 2054  1222 1923  1329 1823  1318 1847  1159 2005  1018 2129  0837 2251  0657 0023  0550 0150
13  0631 0140  0811 0011  0936 2235  1102 2051  1225 1920  1330 1823  1316 1849  1156 2008  1015 2131  0834 2254  0654 0026  0549 0151
14  0634 0137  0814 0008  0938 2231  1105 2048  1228 1917  1331 1822  1314 1852  1153 2011  1012 2134  0830 2257  0651 0030  0548 0153
15  0637 0135  0817 0005  0941 2228  1107 2045  1230 1915  1332 1822  1312 1854  1150 2014  1008 2137  0827 2259  0648 0033  0548 0155
16  0640 0133  0821 0002  0944 2225  1110 2041  1233 1912  1333 1821  1310 1856  1146 2016  1005 2139  0824 2302  0645 0036  0547 0156
16                  2358                                                                                                              
17  0643 0130  0824 2355  0947 2221  1113 2038  1236 1910  1334 1821  1308 1858  1143 2019  1002 2142  0820 2305  0643 0039  0547 0158
18  0646 0128  0827 2352  0950 2218  1116 2035  1238 1907  1334 1821  1306 1900  1140 2022  0958 2145  0817 2308  0640 0043  0547 0159
19  0649 0125  0830 2348  0953 2214  1118 2032  1241 1905  1335 1821  1303 1903  1137 2024  0955 2147  0814 2311  0637 0046  0547 0200
20  0653 0123  0833 2345  0955 2211  1121 2029  1243 1902  1335 1821  1301 1905  1134 2027  0952 2150  0810 2314  0634 0049  0547 0201
21  0656 0120  0836 2342  0958 2208  1124 2025  1246 1900  1335 1821  1259 1908  1131 2030  0948 2153  0807 2317  0632 0052  0547 0201
22  0659 0117  0839 2339  1001 2204  1127 2022  1248 1857  1336 1821  1257 1910  1128 2033  0945 2155  0804 2320  0629 0055  0548 0202
23  0702 0115  0842 2335  1004 2201  1130 2019  1251 1855  1336 1822  1254 1913  1124 2035  0941 2158  0800 2323  0626 0059  0548 0202
24  0706 0112  0846 2332  1006 2158  1132 2016  1253 1853  1336 1822  1252 1915  1121 2038  0938 2201  0757 2326  0624 0102  0549 0203
25  0709 0109  0849 2329  1009 2154  1135 2013  1256 1851  1336 1823  1249 1918  1118 2041  0935 2203  0754 2329  0621 0105  0550 0203
26  0712 0106  0852 2325  1012 2151  1138 2010  1258 1849  1335 1824  1247 1920  1115 2043  0931 2206  0751 2332  0619 0108  0551 0203
27  0715 0103  0855 2322  1015 2148  1141 2007  1300 1846  1335 1825  1244 1923  1111 2046  0928 2209  0747 2336  0616 0111  0552 0203
28  0719 0101  0858 2319  1018 2144  1144 2003  1303 1844  1334 1825  1242 1925  1108 2049  0924 2212  0744 2339  0614 0114  0553 0202
29  0722 0058             1020 2141  1146 2000  1305 1843  1334 1826  1239 1928  1105 2051  0921 2214  0741 2342  0612 0117  0555 0202
30  0725 0055             1023 2137  1149 1957  1307 1841  1333 1828  1236 1931  1102 2054  0918 2217  0738 2345  0610 0120  0557 0201
31  0729 0052             1026 2134             1309 1839             1233 1933  1058 2057             0734 2348             0558 0200
