             o  ,    o  ,                                         BS                                   Astronomical Applications Dept.
Location: W059 08, S62 53                          Rise and Set for the Sun for 2024                   U. S. Naval Observatory        
                                                                                                       Washington, DC  20392-5420     
                                                            Universal Time                                                            
                                                                                                                                      
                                                                                                                                      
       Jan.       Feb.       Mar.       Apr.       May        June       July       Aug.       Sept.      Oct.       Nov.       Dec.  
Day Rise  Set  Rise  Set  Rise  Set  Rise  Set  Rise  Set  Rise  Set  Rise  Set  Rise  Set  Rise  Set  Rise  Set  Rise  Set  Rise  Set
     h m  h m   h m  h m   h m  h m   h m  h m   h m  h m   h m  h m   h m  h m   h m  h m   h m  h m   h m  h m   h m  h m   h m  h m
01  0600 0159  0731 0050  0903 2313  1031 2128  1154 1952  1313 1836  1332 1830  1229 1938  1053 2101  0912 2222  0729 2354  0606 0125
02  0602 0158  0735 0047  0906 2309  1033 2125  1157 1949  1315 1834  1331 1831  1226 1941  1049 2104  0908 2225  0726 2357  0604 0128
03  0604 0157  0738 0043  0909 2306  1036 2122  1200 1946  1317 1833  1330 1833  1223 1943  1046 2107  0905 2227  0722       0602 0130
04  0606 0156  0741 0040  0912 2303  1039 2118  1202 1943  1318 1831  1328 1834  1220 1946  1043 2109  0902 2230  0719 0000  0600 0133
05  0609 0155  0744 0037  0915 2259  1042 2115  1205 1940  1320 1830  1327 1836  1217 1949  1039 2112  0858 2233  0716 0003  0558 0136
06  0611 0153  0748 0034  0918 2256  1045 2112  1208 1937  1322 1829  1326 1837  1214 1951  1036 2115  0855 2236  0713 0006  0557 0138
07  0614 0152  0751 0031  0920 2252  1047 2108  1211 1935  1323 1827  1324 1839  1211 1954  1033 2117  0851 2239  0710 0009  0555 0140
08  0616 0150  0754 0028  0923 2249  1050 2105  1213 1932  1325 1826  1323 1841  1208 1957  1029 2120  0848 2242  0707 0013  0554 0143
09  0619 0148  0758 0025  0926 2246  1053 2102  1216 1929  1326 1825  1321 1843  1205 1959  1026 2123  0845 2244  0704 0016  0553 0145
10  0622 0146  0801 0022  0929 2242  1056 2058  1219 1926  1328 1824  1320 1845  1202 2002  1023 2125  0841 2247  0701 0019  0551 0147
11  0624 0144  0804 0018  0932 2239  1058 2055  1222 1923  1329 1824  1318 1847  1159 2005  1019 2128  0838 2250  0658 0022  0550 0149
12  0627 0142  0807 0015  0935 2236  1101 2052  1224 1921  1330 1823  1316 1849  1156 2008  1016 2131  0835 2253  0655 0026  0549 0151
13  0630 0140  0810 0012  0938 2232  1104 2049  1227 1918  1331 1822  1314 1851  1153 2010  1013 2133  0831 2256  0652 0029  0549 0153
14  0633 0138  0814 0009  0941 2229  1107 2045  1230 1915  1332 1822  1312 1853  1150 2013  1009 2136  0828 2259  0649 0032  0548 0154
15  0636 0136  0817 0006  0943 2225  1109 2042  1232 1913  1333 1821  1310 1855  1147 2016  1006 2139  0824 2302  0646 0035  0547 0156
16  0639 0133  0820 0002  0946 2222  1112 2039  1235 1910  1334 1821  1308 1858  1144 2018  1002 2141  0821 2305  0643 0039  0547 0157
16                  2359                                                                                                              
17  0642 0131  0823 2356  0949 2219  1115 2036  1238 1908  1334 1821  1306 1900  1141 2021  0959 2144  0818 2308  0640 0042  0547 0158
18  0646 0128  0826 2353  0952 2215  1118 2033  1240 1905  1335 1821  1304 1902  1138 2024  0956 2147  0814 2311  0638 0045  0547 0159
19  0649 0126  0829 2349  0955 2212  1121 2029  1243 1903  1335 1821  1302 1905  1135 2026  0952 2149  0811 2313  0635 0048  0547 0200
20  0652 0123  0832 2346  0957 2209  1123 2026  1245 1900  1335 1821  1259 1907  1131 2029  0949 2152  0808 2316  0632 0051  0547 0201
21  0655 0121  0836 2343  1000 2205  1126 2023  1248 1858  1336 1821  1257 1909  1128 2032  0946 2155  0805 2319  0630 0055  0548 0202
22  0658 0118  0839 2339  1003 2202  1129 2020  1250 1856  1336 1822  1255 1912  1125 2035  0942 2157  0801 2323  0627 0058  0548 0202
23  0702 0115  0842 2336  1006 2158  1132 2017  1253 1853  1336 1822  1252 1914  1122 2037  0939 2200  0758 2326  0624 0101  0549 0203
24  0705 0113  0845 2333  1009 2155  1134 2014  1255 1851  1336 1823  1250 1917  1119 2040  0935 2203  0755 2329  0622 0104  0550 0203
25  0708 0110  0848 2329  1011 2152  1137 2010  1257 1849  1335 1823  1247 1920  1115 2043  0932 2205  0751 2332  0619 0107  0551 0203
26  0711 0107  0851 2326  1014 2148  1140 2007  1300 1847  1335 1824  1245 1922  1112 2045  0929 2208  0748 2335  0617 0110  0552 0203
27  0715 0104  0854 2323  1017 2145  1143 2004  1302 1845  1334 1825  1242 1925  1109 2048  0925 2211  0745 2338  0615 0113  0553 0202
28  0718 0101  0857 2319  1020 2142  1146 2001  1304 1843  1334 1826  1240 1927  1106 2051  0922 2214  0742 2341  0612 0116  0555 0202
29  0721 0058  0900 2316  1022 2138  1148 1958  1306 1841  1333 1827  1237 1930  1102 2053  0918 2216  0738 2344  0610 0119  0556 0201
30  0725 0055             1025 2135  1151 1955  1309 1839  1332 1828  1234 1933  1059 2056  0915 2219  0735 2347  0608 0122  0558 0201
31  0728 0053             1028 2132             1311 1837             1231 1935  1056 2059             0732 2350             0600 0200
